% Process parameters: 
A1 = 9.5*10^8;
A2 = 2.55*10^33;
At = 1;
Cheatag = 4.18;
Cheatr = 4.18; 
Ea1 = 55000;
Ea2 = 220000;
Hna = -0.550;
Hca = -0.303;
Hmg = -0.314; 
Hh= -0.774; 
Hcl = 0.844;
Hco3 = 0.485;
Hoh = 0.941;
Kla0 = 38;
Ko2 = 8.86;
Kp = 0.139;
Kp1 = 0.070; 
Ks = 1.030; 
Ks1 = 1.680;
Kt = 3.6*10^5; 
Rsp = 0.435; 
Rsx = 0.607; 
V=10001; 
Vj = 501; 
Yo2 = 0.970; 
delHr = 518; 
Muo2 = 0.5; 
Mup = 1.790; 
Rhoag = 1000; 
Rhor=1080;